060180,000011.800,,,,,0.00
060180,000012.800,,,,,0.00
060180,000013.800,,,,,0.00
060180,000014.800,,,,,0.00
060180,000015.800,,,,,0.00
060180,000016.800,,,,,0.00
060180,000017.799,,,,,0.00
060180,000018.799,,,,,0.00
060180,000019.799,,,,,0.00
060180,000020.799,,,,,0.00
060180,000021.799,,,,,0.00
060180,000022.799,,,,,0.00
060180,000023.799,,,,,0.00
060180,000024.799,,,,,0.00
060180,000025.799,,,,,0.00
060180,000026.799,,,,,0.00
060180,000027.799,,,,,0.00
060180,000028.799,,,,,0.00
060180,000029.799,,,,,0.00
060180,000030.799,,,,,0.00
060180,000031.799,,,,,0.00
060180,000032.799,,,,,0.00
060180,000033.799,,,,,0.00
060180,000034.799,,,,,0.00
060180,000035.799,,,,,0.00
060180,000036.799,,,,,0.00
060180,000037.799,,,,,0.00
060180,000038.799,,,,,0.00
060180,000039.799,,,,,0.00
060180,000040.799,,,,,0.00
060180,000041.799,,,,,0.00
060180,000042.799,,,,,0.00
060180,000043.799,,,,,0.00
060180,000044.799,,,,,0.00
060180,000045.799,,,,,0.00
060180,000046.799,,,,,0.00
060180,000047.799,,,,,0.00
060180,000048.799,,,,,0.00
060180,000049.799,,,,,0.00
060180,000050.799,,,,,0.00
060180,000051.799,,,,,0.00
060180,000052.799,,,,,0.00
060180,000053.799,,,,,0.00
060180,000054.799,,,,,0.00
060180,000055.799,,,,,0.00
060180,000056.799,,,,,0.00
060180,000057.799,,,,,0.00
060180,000058.799,,,,,0.00
060180,000059.799,,,,,0.00
060180,000100.799,,,,,0.00
060180,000101.799,,,,,0.00
060180,000102.799,,,,,0.00
060180,000103.799,,,,,0.00
060180,000104.799,,,,,0.00
060180,000105.799,,,,,0.00
060180,000106.799,,,,,0.00
060180,000107.799,,,,,0.00
060180,000108.799,,,,,0.00
060180,000109.799,,,,,0.00
060180,000110.799,,,,,0.00
060180,000111.799,,,,,0.00
060180,000112.799,,,,,0.00
060180,000113.799,,,,,0.00
060180,000114.799,,,,,0.00
060180,000115.799,,,,,0.00
060180,000116.799,,,,,0.00
060180,000117.799,,,,,0.00
060180,000118.799,,,,,0.00
060180,000119.799,,,,,0.00
060180,000120.799,,,,,0.00
060180,000121.799,,,,,0.00
060180,000122.799,,,,,0.00
060180,000123.799,,,,,0.00
060180,000124.799,,,,,0.00
060180,000125.799,,,,,0.00
060180,000126.799,,,,,0.00
060180,000127.799,,,,,0.00
060180,000128.799,,,,,0.00
060180,000129.799,,,,,0.00
060180,000130.799,,,,,0.00
060180,000131.799,,,,,0.00
060180,000132.799,,,,,0.00
060180,000133.799,,,,,0.00
060180,000134.799,,,,,0.00
060180,000135.799,,,,,0.00
060180,000136.799,,,,,0.00
060180,000137.799,,,,,0.00
060180,000138.799,,,,,0.00
060180,000139.799,,,,,0.00
060180,000140.799,,,,,0.00
060180,000141.799,,,,,0.00
060180,000142.799,,,,,0.00
060180,000143.799,,,,,0.00
060180,000144.799,,,,,0.00
060180,000145.799,,,,,0.00
060180,000146.799,,,,,0.00
060180,000147.799,,,,,0.00
060180,000148.799,,,,,0.00
060180,000149.799,,,,,0.00
060180,000150.799,,,,,0.00
060180,000151.799,,,,,0.00
060180,000152.799,,,,,0.00
060180,000153.800,,,,,0.00
060180,000154.800,,,,,0.00
060180,000155.800,,,,,0.00
060180,000156.800,,,,,0.00
060180,000157.800,,,,,0.00
060180,000158.800,,,,,0.00
060180,000159.800,,,,,0.00
060180,000200.800,,,,,0.00
060180,000201.800,,,,,0.00
060180,000202.800,,,,,0.00
060180,000203.800,,,,,0.00
060180,000204.800,,,,,0.00
060180,000205.800,,,,,0.00
060180,000206.800,,,,,0.00
060180,000207.800,,,,,0.00
060180,000208.800,,,,,0.00
060180,000209.800,,,,,0.00
060180,000210.800,,,,,0.00
060180,000211.800,,,,,0.00
060180,000212.800,,,,,0.00
060180,000213.800,,,,,0.00
060180,000214.800,,,,,0.00
060180,000215.800,,,,,0.00
060180,000216.800,,,,,0.00
060180,000217.800,,,,,0.00
060180,000218.800,,,,,0.00
060180,000219.800,,,,,0.00
060180,000220.800,,,,,0.00
060180,000221.800,,,,,0.00
060180,000222.800,,,,,0.00
060180,000223.800,,,,,0.00
060180,000224.800,,,,,0.00
060180,000225.800,,,,,0.00
060180,000226.800,,,,,0.00
060180,000227.800,,,,,0.00
060180,000228.800,,,,,0.00
060180,000229.800,,,,,0.00
060180,000230.800,,,,,0.00
060180,000231.800,,,,,0.00
060180,000232.800,,,,,0.00
060180,000233.800,,,,,0.00
060180,000234.800,,,,,0.00
060180,000235.800,,,,,0.00
060180,000236.800,,,,,0.00
060180,000237.800,,,,,0.00
060180,000238.800,,,,,0.00
060180,000239.800,,,,,0.00
060180,000240.800,,,,,0.00
060180,000241.800,,,,,0.00
060180,000242.800,,,,,0.00
060180,000243.800,,,,,0.00
060180,000244.800,,,,,0.00
060180,000245.800,,,,,0.00
060180,000246.800,,,,,0.00
060180,000247.800,,,,,0.00
060180,000248.800,,,,,0.00
060180,000249.800,,,,,0.00
060180,000250.800,,,,,0.00
060180,000251.800,,,,,0.00
060180,000252.800,,,,,0.00
060180,000253.800,,,,,0.00
060180,000254.800,,,,,0.00
060180,000255.800,,,,,0.00
060180,000256.800,,,,,0.00
060180,000257.800,,,,,0.00
060180,000258.800,,,,,0.00
060180,000259.800,,,,,0.00
060180,000300.800,,,,,0.00
060180,000301.800,,,,,0.00
060180,000302.800,,,,,0.00
060180,000303.800,,,,,0.00
060180,000304.800,,,,,0.00
060180,000305.800,,,,,0.00
060180,000306.800,,,,,0.00
060180,000307.800,,,,,0.00
060180,000308.800,,,,,0.00
060180,000309.800,,,,,0.00
060180,000310.800,,,,,0.00
060180,000311.800,,,,,0.00
060180,000312.800,,,,,0.00
060180,000313.800,,,,,0.00
060180,000314.800,,,,,0.00
060180,000315.800,,,,,0.00
060180,000316.800,,,,,0.00
060180,000317.800,,,,,0.00
060180,000318.800,,,,,0.00
060180,000319.800,,,,,0.00
060180,000320.800,,,,,0.00
060180,000321.800,,,,,0.00
060180,000322.800,,,,,0.00
060180,000323.800,,,,,0.00
060180,000324.800,,,,,0.00
060180,000325.800,,,,,0.00
060180,000326.800,,,,,0.00
060180,000327.800,,,,,0.00
060180,000328.360,,,,,0.00
060180,000329.360,,,,,0.00
060180,000330.360,,,,,0.00
060180,000331.360,,,,,0.00
060180,000332.360,,,,,0.00
060180,000333.360,,,,,0.00
060180,000334.360,,,,,0.00
060180,000335.360,,,,,0.00
120180,023159.091,,,,,0.00
120180,023200.091,,,,,0.00
120180,023201.091,,,,,0.00
120180,023202.091,,,,,0.00
120180,023203.091,,,,,0.00
120180,023204.091,,,,,0.00
120180,023205.091,,,,,0.00
120180,023206.091,,,,,0.00
120180,023207.091,,,,,0.00
120180,023208.091,,,,,0.00
120180,023209.091,,,,,0.00
120180,023210.091,,,,,0.00
120180,023211.091,,,,,0.00
120180,023212.091,,,,,0.00
120180,023213.091,,,,,0.00
120180,023214.091,,,,,0.00
120180,023215.091,,,,,0.00
120180,023216.091,,,,,0.00
120180,023217.091,,,,,0.00
120180,023218.091,,,,,0.00
120180,023219.091,,,,,0.00
120180,023220.091,,,,,0.00
120180,023221.091,,,,,0.00
120180,023222.091,,,,,0.00
120180,023223.091,,,,,0.00
120180,023224.091,,,,,0.00
120180,023225.091,,,,,0.00
120180,023226.091,,,,,0.00
120180,023227.084,,,,,0.00
120180,023227.305,,,,,0.00
120180,023228.305,,,,,0.00
120180,023229.305,,,,,0.00
120180,023230.305,,,,,0.00
120180,023231.305,,,,,0.00
120180,023232.305,,,,,0.00
250415,023233.084,,,,,0.00
250415,023234.084,,,,,0.00
250415,023235.084,,,,,0.00
250415,023236.084,,,,,0.00
250415,023237.084,,,,,0.00
250415,023238.084,,,,,0.00
250415,023239.084,,,,,0.00
250415,023239.305,,,,,0.00
250415,023240.305,,,,,0.00
250415,023241.305,,,,,0.00
250415,023242.305,,,,,0.00
250415,023243.305,,,,,0.00
250415,023244.305,,,,,0.00
250415,023245.089,,,,,0.00
250415,023246.089,,,,,0.00
250415,023247.089,,,,,0.00
250415,023248.089,,,,,0.00
250415,023249.089,,,,,0.00
250415,023250.089,,,,,0.00
250415,023251.089,,,,,0.00
250415,023252.089,,,,,0.00
250415,023253.089,,,,,0.00
250415,023254.089,,,,,0.00
250415,023255.089,,,,,0.00
250415,023256.089,,,,,0.00
250415,023257.089,,,,,0.00
250415,023258.089,,,,,0.00
250415,023259.089,,,,,0.00
250415,023300.089,,,,,0.00
250415,023301.089,,,,,0.00
250415,023302.089,,,,,0.00
250415,023303.089,,,,,0.00
250415,023304.089,,,,,0.00
250415,023305.089,,,,,0.00
250415,023306.089,,,,,0.00
250415,023307.089,,,,,0.00
250415,023308.089,,,,,0.00
250415,023309.089,,,,,0.00
250415,023310.089,,,,,0.00
250415,023311.089,,,,,0.00
250415,023312.089,,,,,0.00
250415,023313.089,,,,,0.00
250415,023314.089,,,,,0.00
250415,023315.082,,,,,0.00
250415,023315.302,,,,,0.00
250415,023316.302,,,,,0.00
250415,023317.302,,,,,0.00
250415,023318.302,,,,,0.00
250415,023319.302,,,,,0.00
250415,023320.302,,,,,0.00
250415,023321.082,,,,,0.00
250415,023321.302,,,,,0.00
250415,023322.302,,,,,0.00
250415,023323.302,,,,,0.00
250415,023324.302,,,,,0.00
250415,023325.302,,,,,0.00
250415,023326.302,,,,,0.00
250415,023327.082,,,,,0.00
250415,023327.302,,,,,0.00
250415,023328.302,,,,,0.00
250415,023329.302,,,,,0.00
250415,023330.302,,,,,0.00
250415,023331.302,,,,,0.00
250415,023332.302,,,,,0.00
250415,023333.087,,,,,0.00
250415,023334.087,,,,,0.00
250415,023335.087,,,,,0.00
250415,023336.087,,,,,0.00
250415,023337.087,,,,,0.00
250415,023338.087,,,,,0.00
250415,023339.087,,,,,0.00
250415,023340.087,,,,,0.00
250415,023341.087,,,,,0.00
250415,023342.087,,,,,0.00
250415,023343.087,,,,,0.00
250415,023344.087,,,,,0.00
250415,023345.087,,,,,0.00
250415,023346.087,,,,,0.00
250415,023347.087,,,,,0.00
250415,023348.087,,,,,0.00
250415,023349.087,,,,,0.00
250415,023350.087,,,,,0.00
250415,023351.087,,,,,0.00
250415,023352.087,,,,,0.00
250415,023353.087,,,,,0.00
250415,023354.087,,,,,0.00
250415,023355.087,,,,,0.00
250415,023356.087,,,,,0.00
250415,023357.087,,,,,0.00
250415,023358.087,,,,,0.00
250415,023359.087,,,,,0.00
250415,023400.087,,,,,0.00
250415,023401.087,,,,,0.00
250415,023402.087,,,,,0.00
250415,023403.084,,,,,0.00
250415,023403.304,,,,,0.00
250415,023404.304,,,,,0.00
250415,023405.304,,,,,0.00
250415,023406.304,,,,,0.00
250415,023407.304,,,,,0.00
250415,023408.304,,,,,0.00
250415,023409.084,,,,,0.00
250415,023409.304,,,,,0.00
250415,023410.304,,,,,0.00
250415,023411.304,,,,,0.00
250415,023412.304,,,,,0.00
250415,023413.304,,,,,0.00
250415,023414.304,,,,,0.00
250415,023415.084,,,,,0.00
250415,023415.304,,,,,0.00
250415,023416.304,,,,,0.00
250415,023417.304,,,,,0.00
250415,023418.304,,,,,0.00
250415,023419.304,,,,,0.00
250415,023420.304,,,,,0.00
250415,023421.089,,,,,0.00
250415,023422.089,,,,,0.00
250415,023423.089,,,,,0.00
250415,023424.089,,,,,0.00
250415,023425.089,,,,,0.00
250415,023426.089,,,,,0.00
250415,023427.089,,,,,0.00
250415,023428.089,,,,,0.00
250415,023429.089,,,,,0.00
250415,023430.089,,,,,0.00
250415,023431.089,,,,,0.00
250415,023432.089,,,,,0.00
250415,023433.089,,,,,0.00
250415,023434.089,,,,,0.00
250415,023435.089,,,,,0.00
250415,023436.089,,,,,0.00
250415,023437.089,,,,,0.00
250415,023438.089,,,,,0.00
250415,023439.081,,,,,0.00
250415,023439.300,,,,,0.00
250415,023440.300,,,,,0.00
250415,023441.300,,,,,0.00
250415,023442.300,,,,,0.00
250415,023443.300,,,,,0.00
250415,023444.300,,,,,0.00
250415,023445.096,,,,,0.00
250415,023446.096,,,,,0.00
250415,023447.096,,,,,0.00
250415,023448.096,,,,,0.00
250415,023449.096,,,,,0.00
250415,023450.096,,,,,0.00
250415,023451.096,,,,,0.00
250415,023452.096,,,,,0.00
250415,023453.096,,,,,0.00
250415,023454.096,,,,,0.00
250415,023455.096,,,,,0.00
250415,023456.096,,,,,0.00
250415,023457.096,,,,,0.00
250415,023458.096,,,,,0.00
250415,023459.096,,,,,0.00
250415,023500.096,,,,,0.00
250415,023501.096,,,,,0.00
250415,023502.096,,,,,0.00
250415,023503.087,,,,,0.00
250415,023504.087,,,,,0.00
250415,023505.087,,,,,0.00
250415,023506.087,,,,,0.00
250415,023507.087,,,,,0.00
250415,023508.087,,,,,0.00
250415,023509.082,,,,,0.00
250415,023509.302,,,,,0.00
250415,023510.302,,,,,0.00
250415,023511.302,,,,,0.00
250415,023512.302,,,,,0.00
250415,023513.302,,,,,0.00
250415,023514.302,,,,,0.00
250415,023515.082,,,,,0.00
250415,023515.302,,,,,0.00
250415,023516.302,,,,,0.00
250415,023517.302,,,,,0.00
250415,023518.302,,,,,0.00
250415,023519.302,,,,,0.00
250415,023520.302,,,,,0.00
250415,023521.082,,,,,0.00
250415,023521.295,,,,,0.00
250415,023522.295,,,,,0.00
250415,023523.295,,,,,0.00
250415,023524.295,,,,,0.00
250415,023525.295,,,,,0.00
250415,023526.295,,,,,0.00
250415,023527.089,,,,,0.00
250415,023528.089,,,,,0.00
250415,023529.089,,,,,0.00
250415,023530.089,,,,,0.00
250415,023531.089,,,,,0.00
250415,023532.089,,,,,0.00
250415,023533.089,,,,,0.00
250415,023534.089,,,,,0.00
250415,023535.089,,,,,0.00
250415,023536.089,,,,,270.20
250415,023537.089,,,,,0.49
250415,023538.089,,,,,279.91
250415,023539.089,,,,,0.50
250415,023540.089,,,,,0.00
250415,023541.089,,,,,0.00
250415,023542.089,,,,,0.00
250415,023543.089,,,,,0.00
250415,023544.089,,,,,0.00
250415,023545.087,,,,,0.00
250415,023546.087,,,,,0.00
250415,023547.087,,,,,0.00
250415,023548.087,,,,,0.00
250415,023549.087,,,,,0.00
250415,023550.087,,,,,0.00
250415,023551.082,,,,,332.47
250415,023551.302,,,,,0.56
250415,023552.302,,,,,0.00
250415,023553.302,,,,,0.00
250415,023554.302,,,,,0.00
250415,023555.302,,,,,0.00
250415,023556.302,,,,,0.00
250415,023557.082,,,,,0.00
250415,023558.082,,,,,0.00
250415,023559.082,,,,,0.00
250415,023600.082,,,,,0.00
250415,023601.082,,,,,0.00
250415,023602.082,,,,,0.00
250415,023603.082,,,,,0.00
250415,023603.289,,,,,0.00
250415,023604.289,,,,,353.05
250415,023605.289,,,,,0.56
250415,023606.289,,,,,0.00
250415,023607.289,,,,,0.00
250415,023608.289,,,,,0.00
250415,023609.079,,,,,0.00
250415,023608.299,,,,,0.00
250415,023609.299,,,,,331.62
250415,023610.299,,,,,0.51
250415,023611.299,,,,,0.00
250415,023612.299,,,,,0.00
250415,023613.299,,,,,0.00
250415,023614.079,,,,,292.09
250415,023614.299,,,,,0.44
250415,023615.299,,,,,348.28
250415,023616.299,,,,,0.52
250415,023617.299,,,,,0.00
250415,023618.299,,,,,0.00
250415,023619.299,,,,,0.00
250415,023620.079,,,,,0.00
250415,023620.299,,,,,0.00
250415,023621.299,,,,,0.00
250415,023622.299,,,,,0.00
250415,023623.299,,,,,0.00
250415,023624.299,,,,,0.00
250415,023625.299,,,,,0.00
250415,023626.086,,,,,0.00
250415,023627.086,,,,,0.00
250415,023628.086,,,,,0.00
250415,023629.086,,,,,302.53
250415,023630.086,,,,,0.43
250415,023631.086,,,,,0.00
250415,023632.078,,,,,0.00
250415,023632.298,,,,,0.00
250415,023633.298,,,,,272.22
250415,023634.298,,,,,0.38
250415,023635.298,,,,,0.00
250415,023636.298,,,,,0.00
250415,023637.298,,,,,0.00
250415,023638.078,,,,,0.00
250415,023638.298,,,,,0.00
250415,023639.298,,,,,0.00
250415,023640.298,,,,,0.00
250415,023641.298,,,,,0.00
250415,023642.298,,,,,0.00
250415,023643.298,,,,,0.00
250415,023644.085,,,,,0.00
250415,023644.305,,,,,0.00
250415,023645.305,,,,,0.00
250415,023646.305,,,,,0.00
250415,023647.305,,,,,0.00
250415,023648.305,,,,,0.00
250415,023649.305,,,,,0.00
250415,023651.097,,,,,71.27
250415,023652.097,2041.3193,N,10325.5628,W,75.25
250415,023654.001,,,,,75.25
250415,023655.000,,,,,75.25
250415,023656.000,,,,,75.25
250415,023657.000,,,,,75.25
250415,023658.000,,,,,75.25
250415,023659.000,,,,,75.25
250415,023700.000,,,,,74.01
250415,023701.000,,,,,69.95
250415,023702.000,,,,,62.70
250415,023703.000,,,,,52.88
250415,023704.000,,,,,41.78
250415,023705.000,,,,,30.86
250415,023706.000,,,,,21.28
250415,023707.000,,,,,13.70
250415,023708.000,,,,,8.24
250415,023709.000,,,,,4.64
250415,023710.000,,,,,2.44
250415,023711.000,,,,,1.20
250415,023712.000,,,,,0.56
250415,023713.000,,,,,0.24
250415,023714.000,,,,,0.10
250415,023715.000,,,,,0.04
250415,023716.000,,,,,0.01
250415,023717.000,,,,,0.00
250415,023718.000,,,,,0.00
250415,023719.000,,,,,0.00
250415,023720.000,,,,,0.00
250415,023721.000,,,,,0.00
250415,023722.000,,,,,0.00
250415,023723.000,,,,,0.00
250415,023724.000,,,,,0.00
250415,023725.000,,,,,0.00
250415,023726.000,,,,,0.00
250415,023727.000,,,,,0.00
250415,023728.000,,,,,0.00
250415,023729.000,,,,,0.00
250415,023730.000,,,,,0.00
250415,023731.000,,,,,0.00
250415,023732.000,,,,,0.00
250415,023733.000,,,,,0.00
250415,023734.000,,,,,0.00
250415,023735.000,,,,,0.00
250415,023736.000,,,,,0.00
250415,023737.000,,,,,0.00
250415,023738.000,,,,,0.00
250415,023739.000,,,,,0.00
250415,023740.000,,,,,0.00
250415,023741.000,,,,,0.00
250415,023742.000,,,,,0.00
250415,023743.000,,,,,0.00
250415,023744.000,,,,,0.00
250415,023744.220,,,,,0.00
250415,023746.000,,,,,0.00
250415,023747.000,,,,,0.00
250415,023748.000,,,,,0.00
250415,023749.000,,,,,0.00
250415,023750.000,,,,,0.00
250415,023750.220,,,,,0.00
250415,023752.000,,,,,0.00
250415,023753.000,,,,,0.00
250415,023754.000,,,,,0.00
250415,023755.000,,,,,0.00
250415,023756.000,,,,,0.00
250415,023756.210,,,,,0.00
250415,023758.000,,,,,0.00
250415,023759.000,,,,,0.00
250415,023800.000,,,,,0.00
250415,023801.000,,,,,0.00
250415,023802.000,,,,,0.00
250415,023802.207,,,,,0.00
250415,023804.000,,,,,0.00
250415,023805.000,,,,,0.00
250415,023806.000,,,,,0.00
250415,023807.000,,,,,0.00
250415,023808.000,,,,,0.00
250415,023808.207,,,,,0.00
250415,023809.207,,,,,0.00
250415,023810.207,,,,,0.00
250415,023811.207,,,,,0.00
250415,023812.207,,,,,0.00
250415,023813.207,,,,,0.00
250415,023814.091,,,,,0.00
250415,023815.091,,,,,0.00
250415,023816.091,,,,,0.00
250415,023817.091,,,,,0.00
250415,023818.091,,,,,0.00
250415,023819.091,,,,,0.00
250415,023820.085,,,,,0.00
250415,023820.305,,,,,0.00
250415,023821.305,,,,,0.00
250415,023822.305,,,,,0.00
250415,023823.305,,,,,0.00
250415,023824.305,,,,,0.00
250415,023825.305,,,,,0.00
250415,023826.085,,,,,0.00
250415,023826.305,,,,,0.00
250415,023827.305,,,,,0.00
250415,023828.305,,,,,0.00
250415,023829.305,,,,,0.00
250415,023830.305,,,,,0.00
250415,023831.305,,,,,0.00
250415,023832.085,,,,,0.00
250415,023832.325,,,,,0.00
250415,023833.325,,,,,0.00
250415,023834.325,,,,,0.00
250415,023835.325,,,,,0.00
250415,023836.325,,,,,0.00
250415,023837.325,,,,,0.00
250415,023838.085,,,,,0.00
250415,023839.085,,,,,0.00
250415,023840.085,,,,,0.00
250415,023841.085,,,,,0.00
250415,023842.085,,,,,0.00
250415,023843.085,,,,,0.00
250415,023844.085,,,,,0.00
250415,023844.292,,,,,0.00
250415,023845.292,,,,,0.00
250415,023846.292,,,,,0.00
250415,023847.292,,,,,0.00
250415,023848.292,,,,,0.00
250415,023849.292,,,,,0.00
250415,023850.092,,,,,0.00
250415,023851.092,,,,,0.00
250415,023852.092,,,,,0.00
250415,023853.092,,,,,0.00
250415,023854.092,,,,,0.00
250415,023855.092,,,,,0.00
250415,023856.092,,,,,0.00
250415,023857.092,,,,,0.00
250415,023858.092,,,,,0.00
250415,023859.092,,,,,0.00
250415,023900.092,,,,,0.00
250415,023901.092,,,,,0.00
250415,023902.092,,,,,0.00
250415,023903.092,,,,,0.00
250415,023904.092,,,,,0.00
250415,023905.092,,,,,0.00
250415,023906.092,,,,,0.00
250415,023907.092,,,,,0.00
250415,023908.092,,,,,0.00
250415,023909.092,,,,,0.00
250415,023910.092,,,,,0.00
250415,023911.092,,,,,0.00
250415,023912.092,,,,,0.00
250415,023913.092,,,,,0.00
250415,023914.092,,,,,0.00
250415,023915.092,,,,,0.00
250415,023916.092,,,,,0.00
250415,023917.092,,,,,0.00
250415,023918.092,,,,,0.00
250415,023919.092,,,,,0.00
250415,023920.092,,,,,0.00
250415,023921.092,,,,,0.00
250415,023922.092,,,,,0.00
250415,023923.092,,,,,0.00
250415,023924.092,,,,,0.00
250415,023925.092,,,,,0.00
250415,023926.092,,,,,0.00
250415,023927.092,,,,,0.00
250415,023928.092,,,,,0.00
250415,023929.092,,,,,0.00
250415,023930.092,,,,,0.00
250415,023931.092,,,,,0.00
250415,023932.092,,,,,0.00
250415,023933.092,,,,,0.00
250415,023934.092,,,,,0.00
250415,023935.092,,,,,0.00
250415,023936.092,,,,,0.00
250415,023937.092,,,,,0.00
250415,023938.092,,,,,0.00
250415,023939.092,,,,,0.00
250415,023940.092,,,,,0.00
250415,023941.092,,,,,0.00
250415,023942.092,,,,,0.00
250415,023943.092,,,,,0.00
250415,023944.092,,,,,0.00
250415,023945.092,,,,,0.00
250415,023946.092,,,,,0.00
250415,023947.092,,,,,0.00
250415,023948.092,,,,,0.00
250415,023949.092,,,,,0.00
250415,023950.092,,,,,0.00
250415,023951.092,,,,,0.00
250415,023952.092,,,,,0.00
250415,023953.092,,,,,0.00
250415,023954.092,,,,,0.00
250415,023955.092,,,,,0.00
250415,023956.092,,,,,0.00
250415,023957.092,,,,,0.00
250415,023958.092,,,,,0.00
250415,023959.092,,,,,0.00
250415,024000.092,,,,,0.00
250415,024001.092,,,,,0.00
250415,024002.092,,,,,0.00
250415,024003.092,,,,,0.00
250415,024004.092,,,,,0.00
250415,024005.092,,,,,0.00
250415,024006.092,,,,,0.00
250415,024007.092,,,,,0.00
250415,024008.092,,,,,0.00
250415,024009.092,,,,,0.00
250415,024010.092,,,,,0.00
250415,024011.092,,,,,0.00
250415,024012.092,,,,,0.00
250415,024013.092,,,,,0.00
250415,024014.092,,,,,0.00
250415,024015.092,,,,,0.00
250415,024016.092,,,,,0.00
250415,024017.092,,,,,0.00
250415,024018.092,,,,,0.00
250415,024019.092,,,,,0.00
250415,024020.092,,,,,0.00
250415,024021.092,,,,,0.00
250415,024022.092,,,,,0.00
250415,024023.092,,,,,0.00
250415,024024.092,,,,,0.00
250415,024025.092,,,,,0.00
250415,024026.092,,,,,0.00
250415,024027.092,,,,,0.00
250415,024028.092,,,,,0.00
250415,024029.092,,,,,0.00
250415,024030.092,,,,,0.00
250415,024031.092,,,,,0.00
250415,024032.092,,,,,0.00
250415,024033.092,,,,,0.00
250415,024034.092,,,,,0.00
250415,024035.092,,,,,0.00
250415,024036.092,,,,,0.00
250415,024037.092,,,,,0.00
250415,024038.091,,,,,0.00
250415,024039.091,,,,,0.00
250415,024040.091,,,,,0.00
250415,024041.091,,,,,0.00
250415,024042.091,,,,,0.00
250415,024043.091,,,,,0.00
250415,024044.091,,,,,0.00
250415,024045.091,,,,,0.00
250415,024046.091,,,,,0.00
250415,024047.091,,,,,0.00
250415,024048.091,,,,,0.00
250415,024049.091,,,,,0.00
250415,024050.091,,,,,0.00
250415,024051.091,,,,,0.00
250415,024052.091,,,,,0.00
250415,024053.091,,,,,0.00
250415,024054.091,,,,,0.00
250415,024055.091,,,,,0.00
250415,024056.091,,,,,0.00
250415,024057.091,,,,,0.00
250415,024058.091,,,,,0.00
250415,024059.091,,,,,0.00
250415,024100.091,,,,,0.00
250415,024101.091,,,,,0.00
250415,024102.086,,,,,0.00
250415,024102.306,,,,,0.00
250415,024103.306,,,,,0.00
250415,024104.306,,,,,0.00
250415,024105.306,,,,,0.00
250415,024106.306,,,,,0.00
250415,024107.306,,,,,0.00
250415,024108.086,,,,,0.00
250415,024108.306,,,,,0.00
250415,024109.306,,,,,0.00
250415,024110.306,,,,,0.00
250415,024111.306,,,,,0.00
250415,024112.306,,,,,0.00
250415,024113.306,,,,,0.00
250415,024114.086,,,,,0.00
250415,024115.086,,,,,0.00
250415,024116.086,,,,,0.00
250415,024117.086,,,,,0.00
250415,024118.086,,,,,0.00
250415,024119.086,,,,,0.00
250415,024120.086,,,,,0.00
250415,024121.086,,,,,0.00
250415,024122.086,,,,,0.00
250415,024123.086,,,,,0.00
250415,024124.086,,,,,0.00
250415,024125.086,,,,,0.00
250415,024126.086,,,,,0.00
250415,024127.086,,,,,0.00
250415,024128.086,,,,,0.00
250415,024129.086,,,,,0.00
250415,024130.086,,,,,0.00
250415,024131.086,,,,,0.00
250415,024132.086,,,,,0.00
250415,024133.086,,,,,0.00
250415,024134.086,,,,,0.00
250415,024135.086,,,,,0.00
250415,024136.086,,,,,0.00
250415,024137.086,,,,,0.00
250415,024138.086,,,,,0.00
250415,024138.293,,,,,0.00
250415,024139.293,,,,,0.00
250415,024140.293,,,,,0.00
250415,024141.293,,,,,0.00
250415,024142.293,,,,,0.00
250415,024143.293,,,,,0.00
250415,024144.085,,,,,0.00
250415,024144.305,,,,,0.00
250415,024145.305,,,,,0.00
250415,024146.305,,,,,0.00
250415,024147.305,,,,,0.00
250415,024148.305,,,,,0.00
250415,024149.305,,,,,0.00
250415,024150.085,,,,,0.00
250415,024150.305,,,,,0.00
250415,024151.305,,,,,0.00
250415,024152.305,,,,,0.00
250415,024153.305,,,,,0.00
250415,024154.305,,,,,0.00
250415,024155.305,,,,,0.00
250415,024156.096,,,,,0.00
250415,024157.096,,,,,0.00
250415,024158.096,,,,,0.00
250415,024159.096,,,,,0.00
250415,024200.096,,,,,0.00
250415,024201.096,,,,,0.00
250415,024202.096,,,,,0.00
250415,024203.096,,,,,0.00
250415,024204.096,,,,,0.00
250415,024205.096,,,,,0.00
250415,024206.096,,,,,0.00
250415,024207.096,,,,,0.00
250415,024208.096,,,,,0.00
250415,024209.096,,,,,0.00
250415,024210.096,,,,,0.00
250415,024211.096,,,,,0.00
250415,024212.096,,,,,0.00
250415,024213.096,,,,,0.00
250415,024214.090,,,,,0.00
250415,024215.090,,,,,0.00
250415,024216.090,,,,,0.00
250415,024217.090,,,,,0.00
250415,024218.090,,,,,0.00
250415,024219.090,,,,,0.00
250415,024220.090,,,,,0.00
250415,024221.090,,,,,0.00
250415,024222.090,,,,,0.00
250415,024223.090,,,,,0.00
250415,024224.090,,,,,0.00
250415,024225.090,,,,,0.00
250415,024226.090,,,,,0.00
250415,024227.090,,,,,0.00
250415,024228.090,,,,,0.00
250415,024229.090,,,,,0.00
250415,024230.090,,,,,0.00
250415,024231.090,,,,,0.00
250415,024232.090,,,,,0.00
250415,024233.090,,,,,0.00
250415,024234.090,,,,,0.00
250415,024235.090,,,,,0.00
250415,024236.090,,,,,0.00
250415,024237.090,,,,,0.00
250415,024238.090,,,,,0.00
250415,024239.090,,,,,0.00
250415,024240.090,,,,,0.00
250415,024241.090,,,,,0.00
250415,024242.090,,,,,0.00
250415,024243.090,,,,,0.00
250415,024244.084,,,,,0.00
250415,024245.084,,,,,0.00
250415,024246.084,,,,,0.00
250415,024247.084,,,,,0.00
250415,024248.084,,,,,0.00
250415,024249.084,,,,,0.00
250415,024250.084,,,,,0.00
250415,024250.304,,,,,0.00
250415,024251.304,,,,,0.00
250415,024252.304,,,,,0.00
250415,024253.304,,,,,0.00
250415,024254.304,,,,,0.00
250415,024255.304,,,,,0.00
250415,024256.084,,,,,0.00
250415,024257.084,,,,,0.00
250415,024258.084,,,,,0.00
250415,024259.084,,,,,0.00
250415,024300.084,,,,,0.00
250415,024301.084,,,,,0.00
250415,024302.084,,,,,0.00
250415,024302.290,,,,,0.00
250415,024303.290,,,,,0.00
250415,024304.290,,,,,0.00
250415,024305.290,,,,,0.00
250415,024306.290,,,,,0.00
250415,024307.290,,,,,0.00
250415,024308.096,,,,,0.00
250415,024309.096,,,,,0.00
250415,024310.096,,,,,0.00
250415,024311.096,,,,,0.00
250415,024312.096,,,,,0.00
250415,024313.096,,,,,0.00
250415,024314.096,,,,,0.00
250415,024315.096,,,,,0.00
250415,024316.096,,,,,0.00
250415,024317.096,,,,,0.00
250415,024318.096,,,,,0.00
250415,024319.096,,,,,0.00
250415,024320.096,,,,,0.00
250415,024321.096,,,,,0.00
250415,024322.096,,,,,0.00
250415,024323.096,,,,,0.00
250415,024324.096,,,,,0.00
250415,024325.096,,,,,0.00
250415,024326.083,,,,,0.00
250415,024326.303,,,,,0.00
250415,024327.303,,,,,0.00
250415,024328.303,,,,,0.00
250415,024329.303,,,,,0.00
250415,024330.303,,,,,0.00
250415,024331.303,,,,,0.00
250415,024332.090,,,,,0.00
250415,024333.090,,,,,0.00
250415,024334.090,,,,,0.00
250415,024335.090,,,,,0.00
250415,024336.090,,,,,0.00
250415,024337.090,,,,,0.00
250415,024338.090,,,,,0.00
250415,024339.090,,,,,0.00
250415,024340.090,,,,,0.00
250415,024341.090,,,,,0.00
250415,024342.090,,,,,0.00
250415,024343.090,,,,,0.00
250415,024344.090,,,,,0.00
250415,024345.090,,,,,0.00
250415,024346.090,,,,,0.00
250415,024347.090,,,,,0.00
250415,024348.090,,,,,0.00
250415,024349.090,,,,,0.00
250415,024350.090,,,,,0.00
250415,024351.090,,,,,0.00
250415,024352.090,,,,,0.00
250415,024353.090,,,,,0.00
250415,024354.090,,,,,0.00
250415,024355.090,,,,,0.00
250415,024356.085,,,,,0.00
250415,024357.085,,,,,0.00
250415,024358.085,,,,,0.00
250415,024359.085,,,,,0.00
250415,024400.085,,,,,0.00
250415,024401.085,,,,,0.00
250415,024402.085,,,,,0.00
250415,024402.305,,,,,0.00
250415,024403.305,,,,,0.00
250415,024404.305,,,,,0.00
250415,024405.305,,,,,0.00
250415,024406.305,,,,,0.00
250415,024407.305,,,,,0.00
250415,024408.085,,,,,0.00
250415,024408.305,,,,,0.00
250415,024409.305,,,,,0.00
250415,024410.303,,,,,0.00
250415,024412.000,,,,,11.74
250415,024413.000,,,,,7.76
250415,024414.000,,,,,3.27
250415,024415.000,,,,,2.00
250415,024416.000,,,,,1.20
250415,024417.000,2039.3312,N,10325.4597,W,4.72
250415,024418.000,2039.3299,N,10325.4606,W,9.25
250415,024419.000,2039.3271,N,10325.4610,W,10.77
250415,024420.000,2039.3237,N,10325.4621,W,14.22
250415,024421.000,2039.3197,N,10325.4635,W,18.03
250415,024422.000,2039.3144,N,10325.4655,W,20.84
250415,024423.000,2039.3084,N,10325.4678,W,22.79
250415,024424.000,2039.3023,N,10325.4703,W,22.40
250415,024425.000,2039.2967,N,10325.4726,W,20.39
250415,024426.000,2039.2914,N,10325.4746,W,19.08
250415,024427.000,2039.2864,N,10325.4764,W,18.27
250415,024428.000,2039.2817,N,10325.4783,W,18.14
250415,024429.000,2039.2770,N,10325.4804,W,19.37
250415,024430.000,2039.2715,N,10325.4827,W,21.05
250415,024431.000,2039.2656,N,10325.4850,W,22.02
250415,024432.000,2039.2600,N,10325.4872,W,21.09
250415,024433.000,2039.2546,N,10325.4894,W,20.69
250415,024434.000,2039.2499,N,10325.4912,W,15.80
250415,024435.000,2039.2466,N,10325.4926,W,9.86
250415,024436.000,2039.2441,N,10325.4938,W,8.71
250415,024437.000,2039.2421,N,10325.4950,W,7.53
250415,024438.000,2039.2397,N,10325.4962,W,9.50
250415,024439.000,2039.2367,N,10325.4977,W,11.30
250415,024440.000,2039.2332,N,10325.4992,W,12.89
250415,024441.000,2039.2282,N,10325.5013,W,16.53
250415,024442.000,2039.2219,N,10325.5036,W,20.38
250415,024443.000,2039.2155,N,10325.5061,W,20.46
250415,024444.000,2039.2082,N,10325.5091,W,24.16
250415,024445.000,2039.2013,N,10325.5121,W,24.20
250415,024446.000,2039.1944,N,10325.5151,W,25.19
250415,024447.000,2039.1877,N,10325.5180,W,25.84
250415,024448.000,2039.1807,N,10325.5213,W,25.53
250415,024449.000,2039.1738,N,10325.5243,W,26.18
250415,024450.000,2039.1668,N,10325.5273,W,25.80
250415,024451.000,2039.1595,N,10325.5303,W,27.16
250415,024452.000,2039.1522,N,10325.5334,W,27.69
250415,024453.000,2039.1453,N,10325.5363,W,27.03
250415,024454.000,2039.1384,N,10325.5392,W,27.01
250415,024455.000,2039.1315,N,10325.5422,W,26.19
250415,024456.000,2039.1238,N,10325.5453,W,26.65
250415,024457.000,2039.1164,N,10325.5483,W,25.77
250415,024458.000,2039.1092,N,10325.5513,W,26.11
250415,024459.000,2039.1021,N,10325.5543,W,26.28
250415,024500.000,2039.0953,N,10325.5569,W,27.46
250415,024501.000,2039.0878,N,10325.5597,W,27.46
250415,024502.000,2039.0807,N,10325.5626,W,26.35
250415,024503.000,2039.0735,N,10325.5653,W,26.06
250415,024504.000,2039.0663,N,10325.5682,W,26.97
250415,024505.000,2039.0601,N,10325.5711,W,23.91
250415,024506.000,2039.0543,N,10325.5735,W,22.75
250415,024507.000,2039.0484,N,10325.5755,W,20.71
250415,024508.000,2039.0437,N,10325.5771,W,16.40
250415,024509.000,2039.0399,N,10325.5782,W,11.93
250415,024510.000,2039.0375,N,10325.5792,W,8.89
250415,024511.000,2039.0367,N,10325.5799,W,5.28
250415,024512.000,2039.0361,N,10325.5805,W,3.08
250415,024513.000,2039.0362,N,10325.5810,W,0.15
250415,024514.000,2039.0360,N,10325.5811,W,0.11
250415,024515.000,2039.0361,N,10325.5810,W,0.09
250415,024516.000,2039.0366,N,10325.5808,W,0.03
250415,024517.000,2039.0365,N,10325.5808,W,0.06
250415,024518.000,2039.0364,N,10325.5809,W,0.00
250415,024519.000,2039.0364,N,10325.5809,W,0.00
250415,024520.000,2039.0364,N,10325.5809,W,0.00
250415,024521.000,2039.0360,N,10325.5811,W,0.25
250415,024522.000,2039.0355,N,10325.5814,W,0.20
250415,024523.000,2039.0351,N,10325.5816,W,1.61
250415,024524.000,2039.0345,N,10325.5819,W,3.52
250415,024525.000,2039.0335,N,10325.5825,W,7.87
250415,024526.000,2039.0318,N,10325.5836,W,10.23
250415,024527.000,2039.0292,N,10325.5848,W,13.53
250415,024528.000,2039.0251,N,10325.5864,W,16.95
250415,024529.000,2039.0207,N,10325.5878,W,17.12
250415,024530.000,2039.0164,N,10325.5895,W,18.55
250415,024531.000,2039.0118,N,10325.5914,W,17.66
250415,024532.000,2039.0067,N,10325.5934,W,19.55
250415,024533.000,2039.0015,N,10325.5952,W,19.14
250415,024534.000,2038.9963,N,10325.5973,W,19.63
250415,024535.000,2038.9909,N,10325.5997,W,21.65
250415,024536.000,2038.9854,N,10325.6018,W,22.04
250415,024537.000,2038.9799,N,10325.6038,W,22.26
250415,024538.000,2038.9742,N,10325.6062,W,22.31
250415,024539.000,2038.9683,N,10325.6086,W,22.84
250415,024540.000,2038.9624,N,10325.6111,W,23.33
250415,024541.000,2038.9564,N,10325.6137,W,25.22
250415,024542.000,2038.9498,N,10325.6162,W,25.68
250415,024543.000,2038.9431,N,10325.6192,W,24.93
250415,024544.000,2038.9361,N,10325.6221,W,25.58
250415,024545.000,2038.9295,N,10325.6248,W,23.03
250415,024546.000,2038.9237,N,10325.6275,W,20.90
250415,024547.000,2038.9184,N,10325.6297,W,17.90
250415,024548.000,2038.9148,N,10325.6318,W,14.68
250415,024549.000,2038.9116,N,10325.6337,W,14.16
250415,024550.000,2038.9092,N,10325.6351,W,10.40
250415,024551.000,2038.9068,N,10325.6363,W,9.01
250415,024552.000,2038.9048,N,10325.6372,W,9.06
250415,024553.000,2038.9024,N,10325.6382,W,11.57
250415,024554.000,2038.8988,N,10325.6395,W,14.84
250415,024555.000,2038.8945,N,10325.6411,W,17.19
250415,024556.000,2038.8898,N,10325.6431,W,18.94
250415,024557.000,2038.8849,N,10325.6452,W,19.38
250415,024558.000,2038.8800,N,10325.6473,W,18.05
250415,024559.000,2038.8750,N,10325.6494,W,19.53
250415,024600.000,2038.8703,N,10325.6514,W,18.54
250415,024601.000,2038.8660,N,10325.6534,W,16.56
250415,024602.000,2038.8628,N,10325.6550,W,12.73
250415,024603.000,2038.8600,N,10325.6563,W,10.16
250415,024604.000,2038.8580,N,10325.6573,W,8.58
250415,024605.000,2038.8563,N,10325.6583,W,7.49
250415,024606.000,2038.8544,N,10325.6593,W,8.95
250415,024607.000,2038.8525,N,10325.6603,W,8.99
250415,024608.000,2038.8501,N,10325.6615,W,10.86
250415,024609.000,2038.8470,N,10325.6631,W,14.02
250415,024610.000,2038.8430,N,10325.6649,W,16.41
250415,024611.000,2038.8388,N,10325.6667,W,16.62
250415,024612.000,2038.8333,N,10325.6674,W,19.11
250415,024613.000,2038.8277,N,10325.6680,W,18.44
250415,024614.000,2038.8225,N,10325.6694,W,18.50
250415,024615.000,2038.8178,N,10325.6704,W,17.33
250415,024616.000,2038.8137,N,10325.6711,W,18.07
250415,024617.000,2038.8080,N,10325.6724,W,20.08
250415,024618.000,2038.8030,N,10325.6741,W,18.09
250415,024619.000,2038.7979,N,10325.6763,W,20.40
250415,024620.000,2038.7926,N,10325.6789,W,21.73
250415,024621.000,2038.7870,N,10325.6815,W,22.28
250415,024622.000,2038.7814,N,10325.6839,W,22.03
250415,024623.000,2038.7757,N,10325.6862,W,22.31
250415,024624.000,2038.7702,N,10325.6893,W,22.29
250415,024625.000,2038.7644,N,10325.6919,W,23.00
250415,024626.000,2038.7587,N,10325.6956,W,23.43
250415,024627.000,2038.7525,N,10325.6986,W,23.68
250415,024628.000,2038.7465,N,10325.7012,W,23.69
250415,024629.000,2038.7408,N,10325.7038,W,24.10
250415,024630.000,2038.7343,N,10325.7067,W,24.34
250415,024631.000,2038.7279,N,10325.7095,W,24.83
250415,024632.000,2038.7210,N,10325.7125,W,25.81
250415,024633.000,2038.7140,N,10325.7157,W,26.29
250415,024634.000,2038.7074,N,10325.7188,W,25.41
250415,024635.000,2038.7003,N,10325.7224,W,26.93
250415,024636.000,2038.6932,N,10325.7258,W,26.62
250415,024637.000,2038.6861,N,10325.7290,W,27.22
250415,024638.000,2038.6790,N,10325.7322,W,26.40
250415,024639.000,2038.6722,N,10325.7352,W,25.79
250415,024640.000,2038.6656,N,10325.7378,W,24.72
250415,024641.000,2038.6591,N,10325.7403,W,25.10
250415,024642.000,2038.6524,N,10325.7431,W,26.04
250415,024643.000,2038.6456,N,10325.7461,W,26.08
250415,024644.000,2038.6393,N,10325.7486,W,25.15
250415,024645.000,2038.6329,N,10325.7511,W,25.35
250415,024646.000,2038.6265,N,10325.7538,W,24.51
250415,024647.000,2038.6203,N,10325.7563,W,23.95
250415,024648.000,2038.6143,N,10325.7590,W,24.45
250415,024649.000,2038.6085,N,10325.7617,W,23.53
250415,024650.000,2038.6026,N,10325.7641,W,23.50
250415,024651.000,2038.5957,N,10325.7665,W,24.15
250415,024652.000,2038.5888,N,10325.7689,W,25.52
250415,024653.000,2038.5818,N,10325.7714,W,25.89
250415,024654.000,2038.5748,N,10325.7740,W,26.33
250415,024655.000,2038.5678,N,10325.7766,W,26.67
250415,024656.000,2038.5607,N,10325.7794,W,26.72
250415,024657.000,2038.5538,N,10325.7820,W,26.68
250415,024658.000,2038.5472,N,10325.7845,W,25.49
250415,024659.000,2038.5408,N,10325.7871,W,24.83
250415,024700.000,2038.5343,N,10325.7895,W,23.83
250415,024701.000,2038.5282,N,10325.7922,W,23.36
250415,024702.000,2038.5227,N,10325.7946,W,22.26
250415,024703.000,2038.5176,N,10325.7968,W,20.00
250415,024704.000,2038.5127,N,10325.7988,W,18.91
250415,024705.000,2038.5077,N,10325.8006,W,19.66
250415,024706.000,2038.5035,N,10325.8021,W,16.95
250415,024707.000,2038.4994,N,10325.8036,W,16.91
250415,024708.000,2038.4946,N,10325.8055,W,17.38
250415,024709.000,2038.4901,N,10325.8070,W,15.37
250415,024710.000,2038.4855,N,10325.8091,W,15.70
250415,024711.000,2038.4820,N,10325.8107,W,13.44
250415,024712.000,2038.4798,N,10325.8118,W,9.08
250415,024713.000,2038.4777,N,10325.8126,W,6.28
250415,024714.000,2038.4762,N,10325.8134,W,4.53
250415,024715.000,2038.4752,N,10325.8138,W,3.28
250415,024716.000,2038.4746,N,10325.8142,W,2.88
250415,024717.000,2038.4742,N,10325.8145,W,2.82
250415,024718.000,2038.4740,N,10325.8148,W,2.49
250415,024719.000,2038.4735,N,10325.8153,W,3.91
250415,024720.000,2038.4723,N,10325.8158,W,5.31
250415,024721.000,2038.4706,N,10325.8166,W,7.75
250415,024722.000,2038.4683,N,10325.8173,W,9.84
250415,024723.000,2038.4653,N,10325.8184,W,13.21
250415,024724.000,2038.4618,N,10325.8199,W,15.42
250415,024725.000,2038.4581,N,10325.8214,W,16.59
250415,024726.000,2038.4530,N,10325.8237,W,18.84
250415,024727.000,2038.4483,N,10325.8256,W,19.57
250415,024728.000,2038.4433,N,10325.8277,W,19.86
250415,024729.000,2038.4380,N,10325.8300,W,20.50
250415,024730.000,2038.4326,N,10325.8321,W,20.74
250415,024731.000,2038.4272,N,10325.8342,W,20.51
250415,024732.000,2038.4220,N,10325.8360,W,18.56
250415,024733.000,2038.4171,N,10325.8377,W,17.30
250415,024734.000,2038.4127,N,10325.8393,W,15.63
250415,024735.000,2038.4088,N,10325.8408,W,14.15
250415,024736.000,2038.4053,N,10325.8422,W,12.99
250415,024737.000,2038.4024,N,10325.8434,W,11.08
250415,024738.000,2038.3999,N,10325.8445,W,9.89
250415,024739.000,2038.3976,N,10325.8455,W,8.89
250415,024740.000,2038.3960,N,10325.8460,W,5.47
250415,024741.000,2038.3952,N,10325.8461,W,3.35
250415,024742.000,2038.3947,N,10325.8463,W,0.17
250415,024743.000,2038.3945,N,10325.8463,W,0.11
250415,024744.000,2038.3951,N,10325.8460,W,0.16
250415,024745.000,2038.3955,N,10325.8458,W,0.18
250415,024746.000,2038.3950,N,10325.8458,W,0.14
250415,024747.000,2038.3947,N,10325.8460,W,0.19
250415,024748.000,2038.3943,N,10325.8464,W,0.16
250415,024749.000,2038.3938,N,10325.8464,W,0.06
250415,024750.000,2038.3937,N,10325.8465,W,0.11
250415,024751.000,2038.3935,N,10325.8467,W,0.18
250415,024752.000,2038.3930,N,10325.8470,W,0.00
250415,024753.000,2038.3930,N,10325.8470,W,0.00
250415,024754.000,2038.3920,N,10325.8478,W,4.74
250415,024755.000,2038.3904,N,10325.8490,W,7.09
250415,024756.000,2038.3888,N,10325.8509,W,9.73
250415,024757.000,2038.3869,N,10325.8542,W,12.33
250415,024758.000,2038.3859,N,10325.8579,W,13.80
250415,024759.000,2038.3848,N,10325.8622,W,15.65
250415,024800.000,2038.3835,N,10325.8665,W,15.01
250415,024801.000,2038.3809,N,10325.8710,W,18.38
250415,024802.000,2038.3772,N,10325.8752,W,20.50
250415,024803.000,2038.3724,N,10325.8789,W,21.13
250415,024804.000,2038.3674,N,10325.8813,W,18.91
250415,024805.000,2038.3618,N,10325.8821,W,18.65
250415,024806.000,2038.3564,N,10325.8815,W,18.42
250415,024807.000,2038.3514,N,10325.8795,W,19.17
250415,024808.000,2038.3468,N,10325.8764,W,17.43
250415,024809.000,2038.3434,N,10325.8726,W,16.75
250415,024810.000,2038.3408,N,10325.8679,W,17.72
250415,024811.000,2038.3396,N,10325.8625,W,17.68
250415,024812.000,2038.3395,N,10325.8572,W,17.29
250415,024813.000,2038.3395,N,10325.8526,W,14.04
250415,024814.000,2038.3399,N,10325.8487,W,13.59
250415,024815.000,2038.3411,N,10325.8452,W,12.57
250415,024816.000,2038.3424,N,10325.8409,W,14.42
250415,024817.000,2038.3442,N,10325.8370,W,15.97
250415,024818.000,2038.3454,N,10325.8325,W,16.63
250415,024819.000,2038.3437,N,10325.8272,W,18.90
250415,024820.000,2038.3401,N,10325.8216,W,22.36
250415,024821.000,2038.3359,N,10325.8157,W,24.38
250415,024822.000,2038.3319,N,10325.8092,W,26.07
250415,024823.000,2038.3277,N,10325.8026,W,26.72
250415,024824.000,2038.3234,N,10325.7961,W,26.01
250415,024825.000,2038.3191,N,10325.7901,W,24.82
250415,024826.000,2038.3149,N,10325.7844,W,23.18
250415,024827.000,2038.3112,N,10325.7791,W,21.53
250415,024828.000,2038.3079,N,10325.7741,W,19.75
250415,024829.000,2038.3052,N,10325.7708,W,14.64
250415,024830.000,2038.3035,N,10325.7680,W,9.94
250415,024831.000,2038.3018,N,10325.7646,W,10.12
250415,024832.000,2038.2999,N,10325.7616,W,12.17
250415,024833.000,2038.2978,N,10325.7585,W,14.30
250415,024834.000,2038.2947,N,10325.7550,W,15.73
250415,024835.000,2038.2913,N,10325.7512,W,17.14
250415,024836.000,2038.2873,N,10325.7471,W,18.79
250415,024837.000,2038.2833,N,10325.7427,W,20.65
250415,024838.000,2038.2787,N,10325.7384,W,22.25
250415,024839.000,2038.2740,N,10325.7341,W,22.91
250415,024840.000,2038.2690,N,10325.7297,W,22.97
250415,024841.000,2038.2641,N,10325.7255,W,22.12
250415,024842.000,2038.2591,N,10325.7216,W,21.11
250415,024843.000,2038.2542,N,10325.7179,W,20.90
250415,024844.000,2038.2496,N,10325.7142,W,20.87
250415,024845.000,2038.2450,N,10325.7105,W,21.30
250415,024846.000,2038.2402,N,10325.7072,W,20.93
250415,024847.000,2038.2356,N,10325.7040,W,20.51
250415,024848.000,2038.2310,N,10325.7009,W,19.29
250415,024849.000,2038.2272,N,10325.6981,W,16.78
250415,024850.000,2038.2241,N,10325.6957,W,13.88
250415,024851.000,2038.2212,N,10325.6947,W,10.95
250415,024852.000,2038.2185,N,10325.6949,W,9.73
250415,024853.000,2038.2167,N,10325.6961,W,7.88
250415,024854.000,2038.2154,N,10325.6974,W,6.20
250415,024855.000,2038.2144,N,10325.6995,W,6.43
250415,024856.000,2038.2132,N,10325.7020,W,8.91
250415,024857.000,2038.2113,N,10325.7056,W,13.33
250415,024858.000,2038.2088,N,10325.7095,W,16.21
250415,024859.000,2038.2060,N,10325.7139,W,17.73
250415,024900.000,2038.2030,N,10325.7187,W,18.89
250415,024901.000,2038.1996,N,10325.7239,W,19.19
250415,024902.000,2038.1966,N,10325.7290,W,18.45
250415,024903.000,2038.1935,N,10325.7343,W,21.03
250415,024904.000,2038.1901,N,10325.7399,W,22.92
250415,024905.000,2038.1866,N,10325.7456,W,23.83
250415,024906.000,2038.1830,N,10325.7514,W,24.12
250415,024907.000,2038.1796,N,10325.7570,W,22.35
250415,024908.000,2038.1764,N,10325.7624,W,20.56
250415,024909.000,2038.1737,N,10325.7673,W,19.20
250415,024910.000,2038.1715,N,10325.7714,W,16.60
250415,024911.000,2038.1699,N,10325.7743,W,12.32
250415,024912.000,2038.1697,N,10325.7761,W,5.89
250415,024913.000,2038.1693,N,10325.7772,W,3.00
250415,024914.000,2038.1690,N,10325.7776,W,2.19
250415,024915.000,2038.1681,N,10325.7780,W,3.07
250415,024916.000,2038.1669,N,10325.7779,W,4.79
250415,024917.000,2038.1648,N,10325.7774,W,7.60
250415,024918.000,2038.1620,N,10325.7764,W,10.23
250415,024919.000,2038.1587,N,10325.7748,W,12.05
250415,024920.000,2038.1553,N,10325.7726,W,13.44
250415,024921.000,2038.1518,N,10325.7701,W,13.90
250415,024922.000,2038.1485,N,10325.7675,W,13.91
250415,024923.000,2038.1449,N,10325.7651,W,13.42
250415,024924.000,2038.1417,N,10325.7633,W,12.25
250415,024925.000,2038.1395,N,10325.7620,W,8.37
250415,024926.000,2038.1379,N,10325.7614,W,5.80
250415,024927.000,2038.1367,N,10325.7612,W,5.06
250415,024928.000,2038.1344,N,10325.7617,W,6.73
250415,024929.000,2038.1323,N,10325.7626,W,7.99
250415,024930.000,2038.1302,N,10325.7648,W,10.37
250415,024931.000,2038.1281,N,10325.7675,W,11.91
250415,024932.000,2038.1260,N,10325.7709,W,13.27
250415,024933.000,2038.1239,N,10325.7747,W,14.40
250415,024934.000,2038.1214,N,10325.7790,W,15.93
250415,024935.000,2038.1189,N,10325.7832,W,16.27
250415,024936.000,2038.1165,N,10325.7873,W,15.59
250415,024937.000,2038.1146,N,10325.7908,W,13.02
250415,024938.000,2038.1136,N,10325.7927,W,7.20
250415,024939.000,2038.1130,N,10325.7944,W,4.94
250415,024940.000,2038.1122,N,10325.7962,W,5.89
250415,024941.000,2038.1111,N,10325.7986,W,8.25
250415,024942.000,2038.1097,N,10325.8016,W,11.89
250415,024943.000,2038.1076,N,10325.8049,W,14.36
250415,024944.000,2038.1059,N,10325.8086,W,13.40
250415,024945.000,2038.1045,N,10325.8125,W,11.66
250415,024946.000,2038.1036,N,10325.8153,W,11.59
250415,024947.000,2038.1040,N,10325.8192,W,10.34
250415,024948.000,2038.1053,N,10325.8225,W,11.27
250415,024949.000,2038.1086,N,10325.8253,W,13.38
250415,024950.000,2038.1126,N,10325.8279,W,14.10
250415,024951.000,2038.1160,N,10325.8303,W,13.10
250415,024952.000,2038.1190,N,10325.8322,W,11.39
250415,024953.000,2038.1213,N,10325.8334,W,8.35
250415,024954.000,2038.1237,N,10325.8339,W,6.90
250415,024955.000,2038.1251,N,10325.8337,W,4.86
250415,024956.000,2038.1257,N,10325.8335,W,2.43
250415,024957.000,2038.1259,N,10325.8333,W,0.12
250415,024958.000,2038.1258,N,10325.8333,W,0.05
250415,024959.000,2038.1254,N,10325.8337,W,0.03
250415,025000.000,2038.1250,N,10325.8340,W,0.06
250415,025001.000,2038.1249,N,10325.8341,W,0.05
250415,025002.000,2038.1250,N,10325.8341,W,0.04
250415,025003.000,2038.1251,N,10325.8342,W,0.07
250415,025004.000,2038.1250,N,10325.8344,W,0.03
250415,025005.000,2038.1249,N,10325.8344,W,0.03
250415,025006.000,2038.1248,N,10325.8343,W,0.01
250415,025007.000,2038.1248,N,10325.8343,W,0.02
250415,025008.000,2038.1247,N,10325.8343,W,0.02
250415,025009.000,2038.1247,N,10325.8343,W,0.04
250415,025010.000,2038.1248,N,10325.8342,W,0.03
250415,025011.000,2038.1249,N,10325.8342,W,0.03
250415,025012.000,2038.1249,N,10325.8342,W,0.03
250415,025013.000,2038.1249,N,10325.8341,W,0.04
250415,025014.000,2038.1249,N,10325.8340,W,0.03
250415,025015.000,2038.1249,N,10325.8339,W,0.04
250415,025016.000,2038.1248,N,10325.8338,W,0.05
250415,025017.000,2038.1246,N,10325.8338,W,0.03
250415,025018.000,2038.1245,N,10325.8337,W,0.04
250415,025019.000,2038.1244,N,10325.8337,W,0.06
250415,025020.000,2038.1243,N,10325.8335,W,0.86
250415,025021.000,2038.1241,N,10325.8334,W,1.02
250415,025022.000,2038.1238,N,10325.8335,W,0.90
250415,025023.000,2038.1237,N,10325.8336,W,0.77
250415,025024.000,2038.1237,N,10325.8339,W,1.33
250415,025025.000,2038.1240,N,10325.8341,W,0.89
250415,025026.000,2038.1242,N,10325.8342,W,0.67
250415,025027.000,2038.1244,N,10325.8343,W,0.54
250415,025028.000,2038.1245,N,10325.8343,W,0.66
250415,025029.000,2038.1246,N,10325.8341,W,1.29
250415,025030.000,2038.1249,N,10325.8339,W,0.00
250415,025031.000,2038.1249,N,10325.8339,W,0.00
250415,025032.000,2038.1252,N,10325.8338,W,0.05
250415,025033.000,2038.1253,N,10325.8337,W,0.09
250415,025034.000,2038.1256,N,10325.8336,W,4.10
250415,025035.000,2038.1264,N,10325.8327,W,3.26
